# pr19.2
# A data set from Oehlert (2000) \emph{A First Course in Design and
# Analysis of Experiments}, New York: W. H. Freeman.
#
# Data originally from Draper, N.~R., S.~M. Lewis, P.~W.~M. John,
# P.~Prescott, A.~M. Dean, and M.~G. Tuck (1993).  ``Mixture designs for
# four components in orthogonal blocks.'' {\em Technometrics\/} 35, 268--276.
#
# Columns are day, proportions of flours 1 through 4, and volume.  
  day  flour1  flour2  flour3  flour4  volume
    1    0.00    0.25    0.00    0.75  403
    2    0.00    0.75    0.00    0.25  423
    1    0.25    0.00    0.75    0.00  425
    2    0.25    0.00    0.75    0.00  417
    1    0.00    0.75    0.00    0.25  442
    2    0.00    0.25    0.00    0.75  388
    1    0.75    0.00    0.25    0.00  433
    2    0.75    0.00    0.25    0.00  407
    1    0.00    0.75    0.25    0.00  445
    2    0.00    0.00    0.25    0.75  338
    1    0.25    0.00    0.00    0.75  435
    2    0.25    0.75    0.00    0.00  435
    1    0.00    0.00    0.75    0.25  385
    2    0.00    0.25    0.75    0.00  379
    1    0.75    0.25    0.00    0.00  425
    2    0.75    0.00    0.00    0.25  406
    1    0.25    0.25    0.25    0.25  433
    2    0.25    0.25    0.25    0.25  439

